511922
512084
512419
512567
512598
513510
513634
513989
513995
514124
514153
514750
514954
515371
515383
515925
515995
516320
516934
516935
516946
517106
517515
517640
517679
517690
517956
519329
519644
519965
520269
520343
520373
520886
521252
521267
521450
521933
523433
523514
523553
523556
524059
524085
524647
524679
524687
524820
524857
524929
524952
525084
525099
525539
525926
526129
526771
526882
527085
528677
531380
532507
534106
534154
534307
535122
535570
535576
535986
536142
536144
536471
537634
537981
538523
538567
538826
539287
540822
540899
541046
541373
542166
542436
543818
543901
543994
544001
544024
545723
546267
546578
547122
547772
548093
548151
548410
548421
548487
549932
550064
550132
550370
550474
550626
551159
551174
551318
551348
551597
551602
551605
551947
552065
552069
552105