517650
535712
546561
544891
543562
514423
524044
517016
532910
543468
530915
532037
539234
528592
544427
521470
515618
532658
512787
548545
546127
528930
530354
537260
543513
543680
511314
540801
530778
524457
541724
544876
523017
536577
550968
515960
548966
526330
512904
512526
512671
539078
534676
511960
550725
548086
528644
540440
521759
551952
529998
541872
512810
534022
521997
543559
530528
532922
535098
523173
527458
523093
540107
521834
543467
531252
551221
525315
550258
512489
529802
546198
549815
535248
550081
538557
515874
520556
538064
541800
547272
525556
517130
542824
526965
548645
541722
552104
541346
533090
550632
551880
533326
545908
549550
539893
520695
525809
525111
536445
552111
548129
533042
546519
550802
533239
529049
536501
546763
513085
532397
523546
542843
544714
529409
529741
539711
520068
528172
534956
548140
541050
543990
540030
542323
528428
515258
530563
539679
533353
516178
544091
519705
533779
546290
529046
528285
532718
542121
512858
531573
513463
525994
541062
546591
537546
536655
536086
529057
538977
519964
519895
533137
522943
512089
543801
521050
534605
549973
547284
534929
523136
529415
533540
527394
551232
546562
536071
527711
531236
549513
524564
539526
534918
537315
551421
542001
511441
528729
544261
547173
545559
551329
548273
550699
542403
533497
545149
517434
533704
544056
535429
521292
530129
551124
514156
532427
547650
528094
535741
535165
521063
550806
533220
529711
532560
545300
527830
529744
527471
511288
534565
534624
537856
544353
537451
526905
531203
536918
512771
544971
523046
538300
520239
535028
536320
520370
547318
515454
544752
535038
544704
546691
545406
550437
524053
512980
546351
550907
539985
514700
515145
547571
512282
531033
512173
543243
543291
525004
523841
524543
516230
544710
537899
520508
527414
525333
514666
519850
519547
524049
534014
551205
519876
539426
524695
539030
541360
525487
531089
541036
526503
532947
532182
516871
512596
526125
528823
527377
529959
544672
520631
524178
516206
523983
548817
542032
533410
552252
521431
551819
537125
530317
545425
552186
512464
522883
512326
529179
518660
513113
541619
551521
519571
530787
541104
533272
540151
530147
534794
545999
521958
552260
552188
538119
544728
540764
533632
530961
522047
533880
539043
512911
529100
540044
536002
544930
526474
539547
538125
530135
514250
542296
525639
517302
551903
521582
547861
513618
525916
514709
547224
514911
526064
549863
550729
525612
542847
519497
535556
523944
517489
511933
535408
547986
546665
513244
536557
545523
521793
551618
548943
535753
531293
520008
545834
547561
547644
552122
544142
541083
537839
533367
513195
528538
521082
527499
515838
521302
535912
540019
548682
530360
536589
520853
532806
516041
550682
539751
528938
525544
533200
533057
512302
526627
537440
547714
529345
548802
525009
512345
519452
521115
547192
526784
545225
535500
544230
517682
527197
530233
521613
524463
540029
515730
546202
528579
550480
534902
527395
549732
548126
540461
534329
532545
543707
534211
523229
514513
541860
513355
515194
517604
519941
519812
549580
534557
521611
524512
543406
526950
536930
533258
546331
528205
527188
527264
516861
525368
523254
547549
550922
537065
544126
551316
541481
548310
532688
517689
536146
535042
543792
516036
526454
513310
529486
514798
528612
547502
544407
518690
545853
517275
527287
516889
537558
536437
544204
550246
528540
514921
535770
535011
522064
535591
515095
524470
528099
548445
525527
535539
534328
550181
516875
531190
548693
524865
516169
544371
513546
545829
525533
512092
537500
539897
512172
515457
529715
516910
545769
548231
544465
513342
520627
523426
544322
536414
529962
519640
516929
530964
519847
540243
523492
519524
542852
546479
515987
530434
549569
551775
528548
545038
551993
534731
549495
545474
525469
535008
523981
541361
532289
526209
515879
521375
539253
513326
512746
512025
544366
550213
541894
536775
526432
530927
528978
526168
529219
514419
514467
549693
526327
551978
536974
531127
516302
523862
521705
544310
537660
544073
552366
548464
547555
540496
531560
539615
527797
524201
520459
534682
521383
525948
521038
523728
527950
515082
545542
524988
515369
543213
530862
515413
539252
535947
538819
527189
550795
522962
528952
551859
525930
513380
526767
520591
526297
544559
546550
536114
548553
550026
525791
523709
527023
515912
534779
537404
545077
536753
515469
523666
521944
512435
545102
523595
529327
514768
524513
535043
547554
514715
541993
514866
538301
511994
525351
543113
544541
527908
532837
531557
547376
547244
519357
533110
544068
544633
526795
514937
533380
551107
539727
520076
520328
544005
519160
517912
545595
547481
526417
525891
516141
541285
533559
546089
549941
536988
525452
517326
548566
521339
517918
534824
549560
541767
512949
544133
526272
545578
549028
537857
544947
539955
549401
535101
546316
550901
542926
540553
521290
520272
525653
530350
534533
519484
513660
541471
547355
539810
523760
523951
544069
514474
540284
551673
530822
545101
530266
534974
523867
534673
530579
546692
534552
531044
512039
529126
546146
527181
524164
532588
512635
544570
538942
550498
529818
552238
535764
512374
514388
540648
527767
536149
517798
536669
517279
517805
524202
545867
524856
529195
535527
529304
520033
515364
523193
532595
511506
520252
534064
526324
533093
548533
539054
549991
530542
550401
540441
538451
542075
522894
523378
526158
532898
540455
532350
551401
522869
541405
529673
527115
535395
537400
549352
541957
549881
539305
524791
552070
538941
521921
513648
550042
514738
543543
533467
538899
547940
528224
519542
533464
543636
544550
548154
521229
526119
525645
540679
525685
546613
535080
528322
519760
540990
542258
531423
536704
515205
547151
517213
548683
537142
551527
533546
535785
528513
520190
519413
523881
530150
550830
535723
541647
543361
544216
514011
532897
540269
541556
538360
527533
528739
533582
546494
519746
542024
513367
533890
552415
515410
545090
524048
538035
515919
524496
542274
549663
515162
551505
552161
517825
551959
543988
537622
546357
551867
539542
540445
540957
515104
530767
546681
550154
523477
552024
546682
528683
550758
544907
549039
530359
529176
519742
549547
526631
530536
517327
537818
549482
532661
521573
517066
530304
536947
534320
529540
549497
517023
539571
525525
524885
523791
528567
543068
535359
511379
551518
534053
530557
536117
512472
512915
538002
552098
523528
546111
524246
521334
520060
525133
519117
534710
521085
524706
526096
536371
543351
523891
546003
540335
530812
544505
547326
545119
547109
552117
519871
534819
527835
532754
529928
547132
517161
543746
521425
535762
547993
528715
521269
525107
545206
516186
549065
545076
512627
517022
535716
542968
512121
534816
551784
540011
543471
541822
552113
539072
517734
514868
533076
528392
535886
545002
526100
530505
533164
540121
527831
543390
534054
526564
511258
517234
530674
541588
530917
527608
525861
534593
529248
527209
544243
542065
540332
535791
532804
516830
538998
549884
528524
528686
521233
535267
511372
524884
538307
536831
541751
548101
542336
545886